503
595
858
1325
1970
2737
5277
5834
7835
9375
11357
15806
18677
22373
25762
28477
31393
33413
35705
37424
38638
38560
52309
56860
57452
57992
58108
58002
56541
54825
54608
51859
51390
49631
47413
45365
42924
39809
37199
34898
32368
29864
27402
25230
23702
22159
20335
18933
17567
16116
14859
13569
12124
10783
9906
9030
8106
7372
6731
6189
5799
5410
5030
4603
4310
3881
3600
3236
2967
2764
2640
2545
2425
2267
2062
2020
1973
1905
1865
1810
1794
1835
1829
1761
1699
1656
1572
1537
1479
1436
1418
1371
1265
1154
1098
998
907
881
833
796
749
736
643
537
461
404
361
346
226
206
176
159
141
131
120
113
110
115
115
115
115
111
111
114
112
107
101
97
103
104
119
118
123
118
118
119
124
119
113
109
115
114
118
173
215
251
291
310
341
341
380
398
438
458
471
488
504
511
507
520
512
525
524
517
510
512
523
522
507
549
549
554
569
569
617
597
645
693
680
720
814
856
1014
1099
1211
1320
1459
1661
1816
1961
2150
2207
2253
2298
2314
2296
2234
2188
2111
2022
1982
1970
1825
1715
1640
1557
1468
1472
1455
1381
1255
1195
1114
1019
996
949
872
820
764
699
658
627
597
557
531
521
498
460
455
446
422
410
389
387
380
377
383
370
362
377
370
371
393
387
387
367
363
359
357
363
368
366
346
349
351
354
360
373
362
360
377
371
381
404
401
412
410
423
424
425
414
427
410
406
405
419
415
410
418
452
483
478
489
492
496
524
527
528
547
549
537
555
559
556
559
553
547
543
536
514
476
464
466
484
526
582
653
707
772
846
907
970
1073
1142
1199
1268
1329
1398
1462
1500
1520
1553
1568
1570
1561
1524
