0
0
0
0
0
0
0
0
0
0
1
1
1
1
1
1
1
1
1
1
1
1
1
1
1
1
1
1
1
1
1
1
1
1
1
2
3
11
14
14
19
32
62
87
146
179
225
326
423
619
769
920
989
1056
1138
1251
1389
1523
1695
1819
1926
2087
2295
2578
2832
3162
3424
3659
4027
4449
4865
5339
5870
6142
6392
6697
7320
7889
8444
8795
9093
9472
9818
10182
10675
11216
11818
12262
12566
12965
13595
14231
14900
15606
16004
16231
16712
17370
18090
18647
19106
19330
19507
19911
20495
21161
21888
22519
22954
23168
23562
24266
24920
25522
26161
26466
26664
27055
27668
28422
28976
29452
29811
29979
30441
31148
31908
32642
33376
33763
33988
34599
35474
36475
37476
38591
39341
39765
40409
41305
42706
43970
45274
46289
46676
47332
48517
49945
51412
52596
53277
53577
54352
55642
57316
58585
59774
60512
60914
61621
62409
63078
63759
64443
64804
65103
65342
65609
66131
66452
66818
67123
67215
67377
67686
67977
68242
68530
68720
68823
68947
69166
69457
69673
69934
70070
70106
70173
70455
70756
71055
71310
71612
71645
71808
72141
72561
72936
73314
73570
73641
73833
74247
74686
75048
75391
75617
75678
75846
76159
76509
76841
77138
77298
77355
77537
77762
78008
78138
78137
78137
78137
78571
78708
78712
78897
79150
79150
79150
79721
79869
80038
80351
80659
80659
80659
80659
81494
81715
82021
82372
82372
82372
82372
83566
83880
84411
85043
85043
85043
85043
86576
86970
87722
88388
88388
88388
88388
90262
90785
91640
92557
92557
92557
92557
94755
95425
96497
97282
97282
97282
97282
100458
101426
103039
104661
104660
104653
104643
109826
111950
115201
118383
118378
118375
118368
128543
131733
135762
140439
140439
140439
140439
156183
160625
165243
171191
171191
171191
171191
186214
190125
194715
201889
201889
201889
201889
219060
223959
229733
236448
236448
236448
236448
253960
259186
265636
271845
271845
271845
271845
290532
297497
305374
312584
312584
