1
1
2
2
5
5
5
6
6
8
8
8
11
11
11
12
12
12
9
9
10
10
11
11
11
11
11
11
11
11
11
11
11
11
10
10
11
10
17
24
42
60
89
165
216
379
491
565
746
1106
1531
2156
2908
3130
4565
6362
8872
13278
19516
25383
34101
45145
55346
67082
84190
102161
120930
137624
156030
179875
209480
239689
269742
295670
321159
348649
374653
401935
433812
462604
487151
510908
525403
547439
565899
591184
618005
637734
656486
682023
702437
726490
754847
766098
793561
812220
829871
847594
866653
860198
883035
897452
916095
931731
951212
973170
993578
1014586
1024378
1038830
1040859
1064314
1069735
1092076
1110815
1116030
1129828
1139973
1153229
1169496
1189827
1160382
1169537
1183588
1189400
1202334
1212567
1225163
1241912
1254758
1244900
1248031
1262581
1265869
1280658
1298654
1309998
1321792
1326646
1337609
1349061
1364398
1381368
1396407
1409937
1414584
1430050
1447119
1467457
1490415
1510790
1531534
1544177
1572062
1597026
1629497
1667064
1699246
1733658
1753497
1783432
1824891
1827847
1870316
1811883
1849321
1875086
1922257
1964160
2010258
2063331
2111282
2158865
2191146
2240651
2280934
2341917
2396381
2442521
2494385
2526553
2567427
2609210
2654338
2698263
2744746
2780630
2807718
2842455
2878652
2920488
2964030
2995939
3034928
3034364
3074667
3078804
3116215
3148148
3181932
3214115
3248374
3249992
3266339
3296218
3337826
3361189
3386954
3390811
3401836
3421211
3442132
3471735
3493660
3515330
3528354
3534257
3547821
3575032
3604012
3626278
3647183
3650861
3673671
3684546
3692115
3724838
3748458
3765674
3771316
3772383
3776804
3795973
3827942
3851426
3868666
3879033
3896553
3903682
3933138
3965101
3985619
4010533
4036555
4043931
4058109
4063606
4093326
4113863
4135138
4138922
4161951
4174966
4199571
4240503
4264306
4285795
4300969
4327621
4329911
4366140
4403259
4433233
4467166
4476520
4509542
4536664
4578785
4626347
4659220
4694623
4722806
4760794
4794118
4839316
4897306
4947833
4993259
5022022
5069877
5116871
5170033
5243440
5297733
5383467
5421865
5516271
5580254
5668784
5765391
5852278
5932339
6005956
6110853
6219790
6326576
6460806
6574445
6683926
6772804
6882818
6995928
7123840
7271438
7378854
7528043
7588511
7697635
7739297
7817239
7943753
8022924
8118435
8193382
8294611
8397109
8532260
8693434
8801627
8933481
9031875
9176006
9291890
9421423
9502556
9608159
