0.182902584
0.442016807
0.544289044
0.486792453
0.389340102
0.928023383
0.105552397
0.342989373
0.196553925
0.211413333
0.391740777
0.181639884
0.197890453
0.151477227
0.10538778
0.102398427
0.064345555
0.068596055
0.048144518
0.032439077
-0.002018738
0.356561203
0.087002237
0.010411537
0.009399151
0.002000276
-0.001824189
-0.025188787
-0.030349658
-0.003958048
-0.050340609
-0.009043753
-0.034228449
-0.044689811
-0.043194904
-0.053808002
-0.072570124
-0.065563064
-0.061856502
-0.072496991
-0.077360356
-0.082440396
-0.079264287
-0.060562822
-0.065099992
-0.082314184
-0.068945168
-0.072149158
-0.082598053
-0.077997022
-0.086816071
-0.106492741
-0.11060706
-0.081331726
-0.088431254
-0.102325581
-0.09055021
-0.086950624
-0.080522953
-0.063015027
-0.067080531
-0.070240296
-0.084890656
-0.063654139
-0.099535963
-0.07240402
-0.101111111
-0.083127318
-0.068419279
-0.044862518
-0.035984848
-0.047151277
-0.065154639
-0.090427878
-0.020368574
-0.023267327
-0.034465281
-0.020997375
-0.029490617
-0.008839779
0.022853958
-0.003269755
-0.037178786
-0.035207269
-0.025309005
-0.050724638
-0.022264631
-0.037735849
-0.029073698
-0.012534819
-0.033145275
-0.077315828
-0.087747036
-0.048526863
-0.091074681
-0.091182365
-0.028665932
-0.054483541
-0.044417767
-0.059045226
-0.017356475
-0.126358696
-0.164852255
-0.141527002
-0.123644252
-0.106435644
-0.041551247
-0.346820809
-0.088495575
-0.145631068
-0.096590909
-0.113207547
-0.070921986
-0.083969466
-0.058333333
-0.026548673
0.045454545
0
0
0
-0.034782609
0
0.027027027
-0.01754386
-0.044642857
-0.056074766
-0.03960396
0.06185567
0.009708738
0.144230769
-0.008403361
0.042372881
-0.040650407
0
0.008474576
0.042016807
-0.040322581
-0.050420168
-0.03539823
0.055045872
-0.008695652
0.035087719
0.466101695
0.242774566
0.16744186
0.15936255
0.065292096
0.1
0
0.114369501
0.047368421
0.100502513
0.0456621
0.028384279
0.036093418
0.032786885
0.013888889
-0.007827789
0.025641026
-0.015384615
0.025390625
-0.001904762
-0.013358779
-0.013539652
0.003921569
0.021484375
-0.001912046
-0.028735632
0.082840237
0
0.009107468
0.027075812
0
0.084358524
-0.032414911
0.08040201
0.074418605
-0.018759019
0.058823529
0.130555556
0.051597052
0.184579439
0.08382643
0.101910828
0.090008258
0.10530303
0.138450994
0.093317279
0.079845815
0.096379398
0.026511628
0.020842773
0.019973369
0.006962576
-0.007778738
-0.027003484
-0.020590868
-0.035191956
-0.042160114
-0.019782394
-0.00605449
-0.073604061
-0.060273973
-0.043731778
-0.050609756
-0.057161207
0.002724796
-0.011548913
-0.050859107
-0.091238233
-0.047808765
-0.067782427
-0.085278276
-0.022571148
-0.047188755
-0.08113804
-0.059633028
-0.068292683
-0.085078534
-0.058655222
-0.047112462
-0.04784689
-0.067001675
-0.046678636
-0.018832392
-0.044145873
-0.076305221
-0.010869565
-0.01978022
-0.053811659
-0.028436019
-0.051219512
-0.005141388
-0.018087855
-0.007894737
0.015915119
-0.033942559
-0.021621622
0.041436464
-0.018567639
0.002702703
0.059299191
-0.015267176
0
-0.051679587
-0.010899183
-0.011019284
-0.005571031
0.016806723
0.013774105
-0.005434783
-0.054644809
0.00867052
0.005730659
0.008547009
0.016949153
0.036111111
-0.029490617
-0.005524862
0.047222222
-0.015915119
0.026954178
0.060367454
-0.007425743
0.027431421
-0.004854369
0.031707317
0.002364066
0.002358491
-0.025882353
0.031400966
-0.039812646
-0.009756098
-0.002463054
0.034567901
-0.009546539
-0.012048193
0.019512195
0.081339713
0.068584071
-0.010351967
0.023012552
0.006134969
0.008130081
0.056451613
0.005725191
0.001897533
0.035984848
0.003656307
-0.021857923
0.033519553
0.007207207
-0.005366726
0.005395683
-0.010733453
-0.01084991
-0.007312614
-0.012891344
-0.041044776
-0.073929961
-0.025210084
0.004310345
0.038626609
0.08677686
0.106463878
0.121993127
0.082695253
0.091937765
0.095854922
0.072104019
0.069459757
0.106185567
0.064305685
0.049912434
0.057547957
0.048107256
0.051918736
0.045779685
0.025991792
0.013333333
0.021710526
0.009658725
0.00127551
-0.005732484
-0.023702755
