0.188866799
0.465546218
0.566433566
0.50490566
0.407106599
0.961636829
0.109531931
0.352074049
0.211997447
0.222826667
0.417275689
0.195242313
0.213685281
0.166852903
0.122156665
0.123713874
0.086133851
0.09023434
0.070718387
0.054296708
0.009653709
0.39253112
0.123554264
0.0361414
0.036552252
0.033125259
0.030580987
0.00703424
0.008100317
0.008627451
0.026571198
0.000404944
0.004261529
0.010336282
0.0086896
0.009566847
0.007641413
0.010751338
0.015484287
0.005845607
0.003861839
0.004185642
0.005510547
0.006064209
0.003375243
0.002391805
0.001819523
0.001426081
0.001935447
0.000682552
0.000874891
0.002358317
0.002144507
0.002782157
0.002523723
0.004872647
0.006661732
0.01275095
0.008171148
0.021005009
0.010863942
0.017190388
0.013916501
0.026287204
0.026682135
0.026281886
0.034166667
0.023485785
0.027300303
0.029667149
0.026893939
0.031041257
0.013195876
0.026025584
0.030552861
0.026237624
0.046122656
0.038845144
0.031099196
0.040331492
0.066889632
0.043051771
0.050847458
0.028392959
0.027663331
0.21557971
0.017175573
0.011711126
0.00811359
0.025069638
0.010578279
0.011670314
0.011857708
0.008665511
0.00273224
0.006012024
0.024255788
0.004540295
0.014405762
0.003768844
0
0.006793478
0.00311042
0.003724395
0.004338395
0.012376238
0.002770083
0.040462428
0.088495575
0.004854369
0.039772727
0.037735849
0.035460993
0.06870229
0.05
0.088495575
0.081818182
0
0
0
0.156521739
0.027027027
0.099099099
0.061403509
0.008928571
0.028037383
0
0.175257732
0.048543689
0.173076923
0.067226891
0.059322034
-0.008130081
0.093220339
0.050847458
0.075630252
0.040322581
0.033613445
0.026548673
0.100917431
0.060869565
0.105263158
0.491525424
0.283236994
0.2
0.175298805
0.12371134
0.116129032
0
0.173020528
0.05
0.130653266
0.066210046
0.043668122
0.059447983
0.049180328
0.035714286
0.02739726
0.045364892
0.009615385
0.060546875
0.026666667
0.015267176
0.036750484
0.02745098
0.03515625
0.053537285
0.063218391
0.082840237
0
0.143897996
0.083032491
0
0.191564148
0.032414911
0.135678392
0.11627907
0.023088023
0.125
0.165277778
0.105651106
0.231308411
0.137080868
0.142857143
0.147811726
0.143181818
0.145990404
0.124623721
0.122797357
0.140744518
0.077209302
0.077933847
0.070128717
0.049608355
0.046240277
0.053135889
0.05908684
0.054844607
0.043581241
0.059841741
0.057013118
0.026395939
0.047671233
0.057725948
0.042682927
0.041746949
0.065395095
0.044836957
0.036426117
0.023895728
0.03187251
0.041004184
0.034111311
0.040235525
0.023092369
0.035827187
0.036697248
0.036585366
0.028795812
0.038626609
0.048632219
0.03030303
0.031825796
0.035906643
0.062146893
0.042226488
0.034136546
0.07173913
0.043956044
0.020179372
0.030805687
0.065853659
0.046272494
0.059431525
0.076315789
0.058355438
0.041775457
0.048648649
0.113259669
0.045092838
0.062162162
0.094339623
0.030534351
0.046511628
0.025839793
0.040871935
0.046831956
0.04178273
0.075630252
0.060606061
0.0625
0.046448087
0.063583815
0.048710602
0.056980057
0.070621469
0.063888889
0.040214477
0.055248619
0.113888889
0.061007958
0.07277628
0.089238845
0.044554455
0.069825436
0.026699029
0.087804878
0.047281324
0.070754717
0.04
0.082125604
0.037470726
0.053658537
0.071428571
0.086419753
0.047732697
0.055421687
0.058536585
0.112440191
0.10840708
0.057971014
0.083682008
0.055214724
0.06300813
0.110887097
0.049618321
0.058823529
0.081439394
0.071297989
0.056466302
0.080074488
0.05045045
0.046511628
0.059352518
0.055456172
0.043399638
0.038391225
0.040515654
0.041044776
0.025291829
0.044117647
0.0625
0.090128755
0.123966942
0.150190114
0.163230241
0.130168453
0.149929279
0.111398964
0.115839243
0.104740904
0.137113402
0.082013048
0.079684764
0.100083403
0.085173502
0.095560572
0.085121602
0.075239398
0.062
0.073684211
0.07469414
0.080994898
0.063057325
0.059577194
