0.005964215
0.023529412
0.022144522
0.018113208
0.017766497
0.033613445
0.003979534
0.009084676
0.015443523
0.011413333
0.025534912
0.013602429
0.015794828
0.015375676
0.016768884
0.021315448
0.021788297
0.021638285
0.022573869
0.021857631
0.011672447
0.035969917
0.036552027
0.025729863
0.027153102
0.031124983
0.032405177
0.032223027
0.038449974
0.012585499
0.076911808
0.009448697
0.038489979
0.055026093
0.051884504
0.063374848
0.080211537
0.076314401
0.077340789
0.078342598
0.081222195
0.086626038
0.084774834
0.066627031
0.068475234
0.084705989
0.070764691
0.073575239
0.0845335
0.078679573
0.087690962
0.108851058
0.112751567
0.084113883
0.090954977
0.107198228
0.097211942
0.099701574
0.088694102
0.084020036
0.077944473
0.087430684
0.098807157
0.089941343
0.126218097
0.098685906
0.135277778
0.106613103
0.095719582
0.074529667
0.062878788
0.078192534
0.078350515
0.116453463
0.050921435
0.04950495
0.080587937
0.05984252
0.060589812
0.049171271
0.044035674
0.046321526
0.088026244
0.063600227
0.052972337
0.266304348
0.039440204
0.049446975
0.037187289
0.037604457
0.043723554
0.088986142
0.099604743
0.057192374
0.093806922
0.097194389
0.05292172
0.059023837
0.058823529
0.06281407
0.017356475
0.133152174
0.167962675
0.145251397
0.127982646
0.118811881
0.04432133
0.387283237
0.17699115
0.150485437
0.136363636
0.150943396
0.106382979
0.152671756
0.108333333
0.115044248
0.036363636
0
0
0
0.191304348
0.027027027
0.072072072
0.078947368
0.053571429
0.08411215
0.03960396
0.113402062
0.038834951
0.028846154
0.075630252
0.016949153
0.032520325
0.093220339
0.042372881
0.033613445
0.080645161
0.084033613
0.061946903
0.04587156
0.069565217
0.070175439
0.025423729
0.040462428
0.03255814
0.015936255
0.058419244
0.016129032
0
0.058651026
0.002631579
0.030150754
0.020547945
0.015283843
0.023354565
0.016393443
0.021825397
0.035225049
0.019723866
0.025
0.03515625
0.028571429
0.028625954
0.050290135
0.023529412
0.013671875
0.055449331
0.091954023
0
0
0.134790528
0.055956679
0
0.107205624
0.064829822
0.055276382
0.041860465
0.041847042
0.066176471
0.034722222
0.054054054
0.046728972
0.053254438
0.040946315
0.057803468
0.037878788
0.007539411
0.031306442
0.042951542
0.04436512
0.050697674
0.057091074
0.050155348
0.042645779
0.054019015
0.080139373
0.079677708
0.090036563
0.085741355
0.079624135
0.063067608
0.1
0.107945205
0.101457726
0.093292683
0.098908157
0.0626703
0.05638587
0.087285223
0.115133961
0.079681275
0.108786611
0.119389587
0.062806673
0.070281124
0.116965227
0.096330275
0.104878049
0.113874346
0.097281831
0.095744681
0.07814992
0.098827471
0.082585278
0.080979284
0.086372361
0.110441767
0.082608696
0.063736264
0.073991031
0.059241706
0.117073171
0.051413882
0.07751938
0.084210526
0.042440318
0.075718016
0.07027027
0.071823204
0.063660477
0.059459459
0.035040431
0.045801527
0.046511628
0.07751938
0.051771117
0.05785124
0.04735376
0.058823529
0.046831956
0.067934783
0.101092896
0.054913295
0.042979943
0.048433048
0.053672316
0.027777778
0.069705094
0.060773481
0.066666667
0.076923077
0.045822102
0.028871391
0.051980198
0.042394015
0.031553398
0.056097561
0.044917258
0.068396226
0.065882353
0.050724638
0.077283372
0.063414634
0.073891626
0.051851852
0.057279236
0.06746988
0.03902439
0.031100478
0.039823009
0.068322981
0.060669456
0.049079755
0.054878049
0.054435484
0.04389313
0.056925996
0.045454545
0.067641682
0.078324226
0.046554935
0.043243243
0.051878354
0.053956835
0.066189624
0.054249548
0.045703839
0.053406998
0.082089552
0.09922179
0.069327731
0.058189655
0.051502146
0.037190083
0.043726236
0.041237113
0.047473201
0.057991513
0.015544041
0.043735225
0.035281147
0.030927835
0.017707363
0.029772329
0.042535446
0.037066246
0.043641836
0.039341917
0.049247606
0.048666667
0.051973684
0.065035415
0.079719388
0.068789809
0.083279949
