0
0
0
0
0
0
0
0
0
0
0
0
0
0
0
0
0
0
0
0
0
0
0
0
1
0.5
2.666666667
0.272727273
0
0.357142857
0.684210526
0.9375
0.403225806
0.67816092
0.226027397
0.25698324
0.448888889
0.297546012
0.463356974
0.242326333
0.196358908
0.075
0.067745197
0.077651515
0.099297012
0.110311751
0.096472282
0.112934997
0.073156342
0.058823529
0.083592939
0.09966459
0.123311547
0.098525989
0.116525424
0.08285895
0.068633178
0.100573927
0.10479265
0.093504158
0.097430627
0.099456827
0.046337308
0.040703354
0.047715895
0.093026728
0.07773224
0.070351122
0.041567977
0.033882888
0.041680414
0.036528716
0.037074761
0.048418778
0.050679157
0.053673324
0.037569809
0.02479204
0.031752348
0.048592364
0.046781905
0.047010048
0.04738255
0.025503012
0.014183954
0.02963465
0.039372906
0.041450777
0.030790492
0.02461522
0.011724066
0.009156751
0.020710514
0.029330521
0.032495731
0.034355654
0.028828582
0.019317021
0.009322994
0.017006215
0.029878618
0.02695129
0.024157303
0.025037223
0.011658576
0.007481297
0.014663966
0.022657549
0.027251699
0.019491943
0.016427388
0.012189325
0.005635504
0.015410788
0.023225255
0.02439964
0.023003635
0.022486367
0.011595158
0.0066641
0.017976933
0.025289748
0.02821785
0.027443454
0.029752375
0.019434583
0.01077756
0.016195146
0.022173278
0.033918412
0.029597715
0.029656584
0.022419048
0.008360518
0.014054332
0.025035917
0.029432982
0.02937231
0.023029643
0.012947753
0.005630948
0.014465162
0.023734177
0.030085187
0.022140415
0.020295297
0.012346505
0.00664331
0.011606527
0.012787848
0.010719608
0.010796157
0.010727897
0.00560185
0.004613913
0.003671106
0.004086193
0.007956226
0.004854002
0.005507735
0.004564638
0.001370618
0.002410176
0.004586135
0.004299264
0.003898377
0.004220275
0.002772508
0.001498836
0.001801723
0.003176353
0.004207269
0.003109838
0.003746071
0.001944691
0.000513772
0.000955696
0.00401864
0.004272231
0.00422579
0.003588769
0.00423503
0.000460817
0.002275106
0.004637366
0.005821932
0.005168065
0.005182626
0.00349183
0.000965067
0.002607243
0.005607249
0.005912697
0.004846959
0.004570408
0.002997705
0.000806697
0.002219932
0.004126783
0.004595649
0.004339359
0.003865124
0.002074205
0.000737406
0.002352789
0.00290184
0.003163499
0.001666496
-1.27979E-05
0
0
0.005554347
0.001743646
5.08208E-05
0.00235034
0.003206713
0
0
0.00721415
0.001856474
0.002115965
0.003910642
0.003833182
0
0
0
0.010352224
0.002711856
0.003744723
0.004279392
0
0
0
0.014495217
0.003757509
0.006330472
0.007487176
0
0
0
0.018026175
0.004550915
0.00864666
0.007592166
0
0
0
0.021201973
0.005794243
0.009417855
0.010006547
0
0
0
0.023747529
0.007070867
0.011233953
0.008134968
0
0
0
0.032647355
0.009635868
0.01590322
0.015741612
-9.55466E-06
-6.68832E-05
-9.55539E-05
0.049530308
0.019339683
0.02903975
0.027621288
-4.22358E-05
-2.53425E-05
-5.91341E-05
0.085960733
0.024816598
0.030584592
0.034449993
0
0
0
0.112105612
0.028440995
0.028750195
0.035995473
0
0
0
0.087755782
0.021002717
0.024142012
0.036843592
0
0
0
0.085051687
0.022363736
0.025781505
0.029229584
0
0
0
0.074062796
0.020578044
0.024885603
0.023374091
0
0
0
0.068741378
0.023973263
0.026477578
0.023610393
0
