0
1
0
1.5
0
0
0.2
0
0.333333333
0
0
0.375
0
0
0.090909091
0
0
-0.25
0
0.111111111
0
0.1
0
0
0
0
0
0
0
0
0
0
0
-0.090909091
0
0.1
-0.090909091
0.7
0.411764706
0.75
0.428571429
0.483333333
0.853932584
0.309090909
0.75462963
0.295514512
0.150712831
0.320353982
0.482573727
0.384267631
0.408229915
0.348794063
0.076341128
0.458466454
0.393647317
0.394530022
0.496618575
0.469799669
0.300625128
0.34345822
0.32386147
0.225960793
0.212047844
0.255031156
0.213457655
0.183719815
0.138046804
0.133741208
0.152823175
0.164586518
0.144209471
0.125383309
0.096121479
0.086207596
0.085596231
0.074585041
0.072819382
0.079308843
0.066369764
0.053062663
0.04876722
0.028371057
0.041941139
0.033720652
0.044681118
0.045368278
0.03192369
0.029404109
0.038899535
0.029931542
0.034242217
0.039032884
0.014905007
0.035847894
0.023513
0.021731797
0.021356331
0.022486002
-0.007448194
0.026548539
0.016326646
0.020773256
0.017068099
0.020908395
0.023084234
0.020970642
0.021143785
0.009651227
0.014108073
0.001953159
0.022534272
0.005093422
0.020884612
0.017159062
0.004694751
0.012363467
0.008979243
0.011628346
0.014105611
0.017384412
-0.024747295
0.007889643
0.012014156
0.004910493
0.01087439
0.008510946
0.01038788
0.013670834
0.010343728
-0.007856495
0.002515061
0.011658364
0.002604189
0.011682883
0.014052151
0.008735198
0.009003067
0.003672287
0.008263697
0.008561545
0.011368648
0.01243772
0.010887034
0.009689152
0.003295892
0.01093325
0.011935946
0.014054131
0.015644751
0.013670689
0.013730565
0.008255122
0.018058163
0.015879781
0.020332167
0.023054354
0.019304598
0.020251335
0.011443433
0.0170716
0.023246751
0.001619823
0.023234439
-0.031242314
0.020662482
0.01393214
0.025156713
0.021798854
0.023469575
0.026401089
0.023239606
0.022537491
0.014952765
0.0225932
0.017978257
0.026735977
0.023256162
0.019254033
0.021233799
0.012896165
0.016177773
0.01627427
0.017295657
0.016548382
0.017227009
0.013073705
0.009741677
0.012371969
0.012734414
0.014533191
0.014909152
0.010765411
0.01301395
-0.000185836
0.01328219
0.001345512
0.012151147
0.010247367
0.010731389
0.010114295
0.010658922
0.000498095
0.005029859
0.00914755
0.012622952
0.006999466
0.007665442
0.001138781
0.003251435
0.005695454
0.006115086
0.008600193
0.006315286
0.006202664
0.003704915
0.001673018
0.003837865
0.007669778
0.008106221
0.006178115
0.005764864
0.00100845
0.006247841
0.002960254
0.002054256
0.008862942
0.006341215
0.004592822
0.001498271
0.000282925
0.001171938
0.005075455
0.00842182
0.006134889
0.004476264
0.002679735
0.00451659
0.001829566
0.007545697
0.00812659
0.005174648
0.006250974
0.006488414
0.001827301
0.003505995
0.001354572
0.007313701
0.005017191
0.005171538
0.000915084
0.005564009
0.003127139
0.005893461
0.00974671
0.005613249
0.005039273
0.003540533
0.006196743
0.000529159
0.008367147
0.00850156
0.006807231
0.007654233
0.002093945
0.007376712
0.006014358
0.009284576
0.010387472
0.007105606
0.007598482
0.006003251
0.008043523
0.006999673
0.009427803
0.011983098
0.010317305
0.009180989
0.005760366
0.00952903
0.009269258
0.010389553
0.014198555
0.010354462
0.016183149
0.007132578
0.01741209
0.011598959
0.015864869
0.017041926
0.015070444
0.013680314
0.012409439
0.017465496
0.017826807
0.017168747
0.021216848
0.017588982
0.016652508
0.013297275
0.016243494
0.016433676
0.018283779
0.020718882
0.014772319
0.020218451
0.008032366
0.01438016
0.005412312
0.010070941
0.016183975
0.009966448
0.011904762
0.009231705
0.012354971
0.01235718
0.016094944
0.018889954
0.01244537
0.014980639
0.011014072
0.015958038
0.012629024
0.013940436
0.008611544
0.011113115
